0 0
0.0010354 -0.00621237
0.0020708 -0.0124246
0.00310619 -0.0186365
0.00414159 -0.024848
0.00517699 -0.031059
0.00621239 -0.0372692
0.00724779 -0.0434786
0.00828319 -0.049687
0.00931858 -0.0558942
0.010354 -0.0621002
0.0113894 -0.0683048
0.0124248 -0.0745078
0.0134602 -0.080709
0.0144956 -0.0869085
0.015531 -0.0931059
0.0165664 -0.0993013
0.0176018 -0.105494
0.0186372 -0.111685
0.0196726 -0.117873
0.020708 -0.124058
0.0217434 -0.130241
0.0227788 -0.136421
0.0238142 -0.142597
0.0248496 -0.14877
0.025885 -0.15494
0.0269204 -0.161106
0.0279558 -0.167269
0.0289911 -0.173427
0.0300265 -0.179582
0.0310619 -0.185733
0.0320973 -0.191879
0.0331327 -0.198021
0.0341681 -0.204159
0.0352035 -0.210291
0.0362389 -0.216419
0.0372743 -0.222542
0.0383097 -0.22866
0.0393451 -0.234773
0.0403805 -0.24088
0.0414159 -0.246982
0.0424513 -0.253078
0.0434867 -0.259169
0.0445221 -0.265253
0.0455575 -0.271331
0.0465929 -0.277403
0.0476283 -0.283469
0.0486637 -0.289528
0.0496991 -0.295581
0.0507345 -0.301627
0.0517699 -0.307666
0.0528053 -0.313698
0.0538407 -0.319722
0.0548761 -0.32574
0.0559115 -0.33175
0.0569469 -0.337752
0.0579823 -0.343746
0.0590177 -0.349733
0.0600531 -0.355712
0.0610885 -0.361682
0.0621239 -0.367644
0.0631593 -0.373598
0.0641947 -0.379543
0.0652301 -0.38548
0.0662655 -0.391407
0.0673009 -0.397326
0.0683363 -0.403235
0.0693717 -0.409135
0.0704071 -0.415026
0.0714425 -0.420907
0.0724779 -0.426779
0.0735133 -0.432641
0.0745487 -0.438493
0.0755841 -0.444335
0.0766195 -0.450166
0.0776549 -0.455987
0.0786903 -0.461798
0.0797257 -0.467598
0.0807611 -0.473387
0.0817965 -0.479166
0.0828319 -0.484933
0.0838673 -0.49069
0.0849026 -0.496435
0.085938 -0.502168
0.0869734 -0.50789
0.0880088 -0.5136
0.0890442 -0.519299
0.0900796 -0.524985
0.091115 -0.53066
0.0921504 -0.536322
0.0931858 -0.541972
0.0942212 -0.547609
0.0952566 -0.553234
0.096292 -0.558846
0.0973274 -0.564445
0.0983628 -0.570031
0.0993982 -0.575604
0.100434 -0.581163
0.101469 -0.58671
0.102504 -0.592242
0.10354 -0.597761
0.104575 -0.603266
0.105611 -0.608758
0.106646 -0.614235
0.107681 -0.619698
0.108717 -0.625146
0.109752 -0.630581
0.110788 -0.636
0.111823 -0.641405
0.112858 -0.646795
0.113894 -0.65217
0.114929 -0.65753
0.115965 -0.662875
0.117 -0.668204
0.118035 -0.673518
0.119071 -0.678817
0.120106 -0.684099
0.121142 -0.689366
0.122177 -0.694617
0.123212 -0.699852
0.124248 -0.70507
0.125283 -0.710272
0.126319 -0.715458
0.127354 -0.720627
0.128389 -0.725779
0.129425 -0.730915
0.13046 -0.736033
0.131496 -0.741134
0.132531 -0.746218
0.133566 -0.751285
0.134602 -0.756335
0.135637 -0.761366
0.136673 -0.76638
0.137708 -0.771376
0.138743 -0.776355
0.139779 -0.781315
0.140814 -0.786257
0.14185 -0.79118
0.142885 -0.796086
0.14392 -0.800972
0.144956 -0.80584
0.145991 -0.810689
0.147027 -0.81552
0.148062 -0.820331
0.149097 -0.825123
0.150133 -0.829896
0.151168 -0.834649
0.152204 -0.839383
0.153239 -0.844097
0.154274 -0.848792
0.15531 -0.853467
0.156345 -0.858121
0.157381 -0.862756
0.158416 -0.86737
0.159451 -0.871965
0.160487 -0.876538
0.161522 -0.881092
0.162558 -0.885624
0.163593 -0.890136
0.164628 -0.894627
0.165664 -0.899097
0.166699 -0.903545
0.167735 -0.907973
0.16877 -0.912379
0.169805 -0.916764
0.170841 -0.921127
0.171876 -0.925469
0.172911 -0.929789
0.173947 -0.934086
0.174982 -0.938362
0.176018 -0.942616
0.177053 -0.946848
0.178088 -0.951057
0.179124 -0.955244
0.180159 -0.959408
0.181195 -0.96355
0.18223 -0.967669
0.183265 -0.971765
0.184301 -0.975839
0.185336 -0.979889
0.186372 -0.983916
0.187407 -0.987919
0.188442 -0.9919
0.189478 -0.995856
0.190513 -0.99979
0.191549 -1.0037
0.192584 -1.00759
0.193619 -1.01145
0.194655 -1.01528
0.19569 -1.0191
0.196726 -1.02289
0.197761 -1.02665
0.198796 -1.03039
0.199832 -1.03411
0.200867 -1.0378
0.201903 -1.04147
0.202938 -1.04511
0.203973 -1.04873
0.205009 -1.05232
0.206044 -1.05589
0.20708 -1.05943
0.208115 -1.06295
0.20915 -1.06644
0.210186 -1.06991
0.211221 -1.07335
0.212257 -1.07676
0.213292 -1.08015
0.214327 -1.08351
0.215363 -1.08685
0.216398 -1.09016
0.217434 -1.09345
0.218469 -1.09671
0.219504 -1.09994
0.22054 -1.10315
0.221575 -1.10633
0.222611 -1.10948
0.223646 -1.11261
0.224681 -1.11571
0.225717 -1.11878
0.226752 -1.12182
0.227788 -1.12484
0.228823 -1.12784
0.229858 -1.1308
0.230894 -1.13374
0.231929 -1.13665
0.232965 -1.13953
0.234 -1.14238
0.235035 -1.14521
0.236071 -1.14801
0.237106 -1.15078
0.238142 -1.15353
0.239177 -1.15624
0.240212 -1.15893
0.241248 -1.16159
0.242283 -1.16422
0.243319 -1.16683
0.244354 -1.1694
0.245389 -1.17195
0.246425 -1.17447
0.24746 -1.17696
0.248496 -1.17942
0.249531 -1.18185
0.250566 -1.18425
0.251602 -1.18663
0.252637 -1.18897
0.253673 -1.19129
0.254708 -1.19358
0.255743 -1.19583
0.256779 -1.19806
0.257814 -1.20026
0.25885 -1.20243
0.259885 -1.20457
0.26092 -1.20668
0.261956 -1.20876
0.262991 -1.21082
0.264027 -1.21284
0.265062 -1.21483
0.266097 -1.21679
0.267133 -1.21872
0.268168 -1.22062
0.269204 -1.2225
0.270239 -1.22434
0.271274 -1.22615
0.27231 -1.22793
0.273345 -1.22968
0.274381 -1.2314
0.275416 -1.23309
0.276451 -1.23475
0.277487 -1.23638
0.278522 -1.23797
0.279558 -1.23954
0.280593 -1.24108
0.281628 -1.24258
0.282664 -1.24406
0.283699 -1.2455
0.284734 -1.24691
0.28577 -1.24829
0.286805 -1.24964
0.287841 -1.25096
0.288876 -1.25224
0.289911 -1.2535
0.290947 -1.25472
0.291982 -1.25592
0.293018 -1.25708
0.294053 -1.25821
0.295088 -1.2593
0.296124 -1.26037
0.297159 -1.2614
0.298195 -1.26241
0.29923 -1.26338
0.300265 -1.26432
0.301301 -1.26522
0.302336 -1.2661
0.303372 -1.26694
0.304407 -1.26775
0.305442 -1.26853
0.306478 -1.26927
0.307513 -1.26999
0.308549 -1.27067
0.309584 -1.27132
0.310619 -1.27193
0.311655 -1.27252
0.31269 -1.27307
0.313726 -1.27359
0.314761 -1.27407
0.315796 -1.27453
0.316832 -1.27495
0.317867 -1.27534
0.318903 -1.27569
0.319938 -1.27601
0.320973 -1.2763
0.322009 -1.27656
0.323044 -1.27678
0.32408 -1.27697
0.325115 -1.27713
0.32615 -1.27726
0.327186 -1.27735
0.328221 -1.27741
0.329257 -1.27743
0.330292 -1.27742
0.331327 -1.27738
0.332363 -1.27731
0.333398 -1.2772
0.334434 -1.27706
0.335469 -1.27689
0.336504 -1.27668
0.33754 -1.27644
0.338575 -1.27616
0.339611 -1.27585
0.340646 -1.27551
0.341681 -1.27514
0.342717 -1.27473
0.343752 -1.27429
0.344788 -1.27381
0.345823 -1.2733
0.346858 -1.27276
0.347894 -1.27218
0.348929 -1.27157
0.349965 -1.27092
0.351 -1.27024
0.352035 -1.26953
0.353071 -1.26878
0.354106 -1.268
0.355142 -1.26719
0.356177 -1.26634
0.357212 -1.26546
0.358248 -1.26454
0.359283 -1.26359
0.360319 -1.26261
0.361354 -1.26159
0.362389 -1.26054
0.363425 -1.25945
0.36446 -1.25833
0.365496 -1.25718
0.366531 -1.25599
0.367566 -1.25477
0.368602 -1.25351
0.369637 -1.25222
0.370673 -1.2509
0.371708 -1.24954
0.372743 -1.24814
0.373779 -1.24672
0.374814 -1.24526
0.37585 -1.24376
0.376885 -1.24223
0.37792 -1.24067
0.378956 -1.23907
0.379991 -1.23743
0.381027 -1.23577
0.382062 -1.23407
0.383097 -1.23233
0.384133 -1.23056
0.385168 -1.22876
0.386204 -1.22692
0.387239 -1.22505
0.388274 -1.22314
0.38931 -1.2212
0.390345 -1.21922
0.391381 -1.21721
0.392416 -1.21517
0.393451 -1.21309
0.394487 -1.21098
0.395522 -1.20883
0.396557 -1.20665
0.397593 -1.20443
0.398628 -1.20218
0.399664 -1.1999
0.400699 -1.19758
0.401734 -1.19522
0.40277 -1.19284
0.403805 -1.19042
0.404841 -1.18796
0.405876 -1.18547
0.406911 -1.18295
0.407947 -1.18039
0.408982 -1.17779
0.410018 -1.17517
0.411053 -1.17251
0.412088 -1.16981
0.413124 -1.16708
0.414159 -1.16432
0.415195 -1.16152
0.41623 -1.15869
0.417265 -1.15582
0.418301 -1.15292
0.419336 -1.14999
0.420372 -1.14702
0.421407 -1.14401
0.422442 -1.14098
0.423478 -1.13791
0.424513 -1.1348
0.425549 -1.13166
0.426584 -1.12849
0.427619 -1.12528
0.428655 -1.12204
0.42969 -1.11877
0.430726 -1.11546
0.431761 -1.11211
0.432796 -1.10874
0.433832 -1.10533
0.434867 -1.10188
0.435903 -1.0984
0.436938 -1.09489
0.437973 -1.09135
0.439009 -1.08777
0.440044 -1.08415
0.44108 -1.08051
0.442115 -1.07683
0.44315 -1.07311
0.444186 -1.06936
0.445221 -1.06558
0.446257 -1.06177
0.447292 -1.05792
0.448327 -1.05404
0.449363 -1.05012
0.450398 -1.04617
0.451434 -1.04219
0.452469 -1.03817
0.453504 -1.03413
0.45454 -1.03004
0.455575 -1.02593
0.456611 -1.02178
0.457646 -1.0176
0.458681 -1.01338
0.459717 -1.00913
0.460752 -1.00485
0.461788 -1.00054
0.462823 -0.996191
0.463858 -0.99181
0.464894 -0.987397
0.465929 -0.982951
0.466965 -0.978472
0.468 -0.97396
0.469035 -0.969416
0.470071 -0.964839
0.471106 -0.960229
0.472142 -0.955586
0.473177 -0.950911
0.474212 -0.946203
0.475248 -0.941463
0.476283 -0.93669
0.477319 -0.931885
0.478354 -0.927048
0.479389 -0.922178
0.480425 -0.917276
0.48146 -0.912342
0.482496 -0.907376
0.483531 -0.902377
0.484566 -0.897347
0.485602 -0.892284
0.486637 -0.887189
0.487673 -0.882063
0.488708 -0.876905
0.489743 -0.871715
0.490779 -0.866493
0.491814 -0.861239
0.49285 -0.855954
0.493885 -0.850637
0.49492 -0.845289
0.495956 -0.839909
0.496991 -0.834498
0.498027 -0.829055
0.499062 -0.823581
0.500097 -0.818076
0.501133 -0.81254
0.502168 -0.806972
0.503204 -0.801374
0.504239 -0.795744
0.505274 -0.790084
0.50631 -0.784392
0.507345 -0.77867
0.50838 -0.772917
0.509416 -0.767134
0.510451 -0.761319
0.511487 -0.755474
0.512522 -0.749599
0.513557 -0.743693
0.514593 -0.737757
0.515628 -0.731791
0.516664 -0.725794
0.517699 -0.719767
0.518734 -0.71371
0.51977 -0.707623
0.520805 -0.701506
0.521841 -0.695359
0.522876 -0.689182
0.523911 -0.682976
0.524947 -0.67674
0.525982 -0.670474
0.527018 -0.664178
0.528053 -0.657854
0.529088 -0.651499
0.530124 -0.645116
0.531159 -0.638703
0.532195 -0.632261
0.53323 -0.62579
0.534265 -0.61929
0.535301 -0.612761
0.536336 -0.606203
0.537372 -0.599616
0.538407 -0.593001
0.539442 -0.586357
0.540478 -0.579684
0.541513 -0.572983
0.542549 -0.566253
0.543584 -0.559495
0.544619 -0.552709
0.545655 -0.545895
0.54669 -0.539053
0.547726 -0.532182
0.548761 -0.525284
0.549796 -0.518358
0.550832 -0.511404
0.551867 -0.504422
0.552903 -0.497413
0.553938 -0.490377
0.554973 -0.483313
0.556009 -0.476221
0.557044 -0.469103
0.55808 -0.461957
0.559115 -0.454784
0.56015 -0.447584
0.561186 -0.440358
0.562221 -0.433104
0.563257 -0.425824
0.564292 -0.418517
0.565327 -0.411184
0.566363 -0.403824
0.567398 -0.396438
0.568434 -0.389025
0.569469 -0.381586
0.570504 -0.374122
0.57154 -0.366631
0.572575 -0.359114
0.573611 -0.351572
0.574646 -0.344004
0.575681 -0.33641
0.576717 -0.328791
0.577752 -0.321146
0.578788 -0.313476
0.579823 -0.305781
0.580858 -0.298061
0.581894 -0.290315
0.582929 -0.282545
0.583965 -0.27475
0.585 -0.26693
0.586035 -0.259085
0.587071 -0.251216
0.588106 -0.243323
0.589142 -0.235405
0.590177 -0.227462
0.591212 -0.219496
0.592248 -0.211506
0.593283 -0.203491
0.594319 -0.195453
0.595354 -0.187391
0.596389 -0.179306
0.597425 -0.171197
0.59846 -0.163064
0.599496 -0.154908
0.600531 -0.146729
0.601566 -0.138527
0.602602 -0.130302
0.603637 -0.122054
0.604673 -0.113783
0.605708 -0.105489
0.606743 -0.0971733
0.607779 -0.0888346
0.608814 -0.0804736
0.60985 -0.0720902
0.610885 -0.0636848
0.61192 -0.0552573
0.612956 -0.0468078
0.613991 -0.0383365
0.615027 -0.0298435
0.616062 -0.0213289
0.617097 -0.0127928
0.618133 -0.00423532
0.619168 0.00434346
0.620203 0.0129434
0.621239 0.0215644
0.622274 0.0302063
0.62331 0.0388691
0.624345 0.0475526
0.62538 0.0562567
0.626416 0.0649813
0.627451 0.0737262
0.628487 0.0824915
0.629522 0.0912768
0.630557 0.100082
0.631593 0.108908
0.632628 0.117753
0.633664 0.126617
0.634699 0.135502
0.635734 0.144406
0.63677 0.153329
0.637805 0.162271
0.638841 0.171232
0.639876 0.180213
0.640911 0.189212
0.641947 0.19823
0.642982 0.207267
0.644018 0.216322
0.645053 0.225396
0.646088 0.234487
0.647124 0.243597
0.648159 0.252725
0.649195 0.261871
0.65023 0.271035
0.651265 0.280216
0.652301 0.289415
0.653336 0.298631
0.654372 0.307865
0.655407 0.317115
0.656442 0.326383
0.657478 0.335668
0.658513 0.344969
0.659549 0.354287
0.660584 0.363622
0.661619 0.372973
0.662655 0.382341
0.66369 0.391724
0.664726 0.401124
0.665761 0.410539
0.666796 0.419971
0.667832 0.429418
0.668867 0.43888
0.669903 0.448358
0.670938 0.457852
0.671973 0.46736
0.673009 0.476884
0.674044 0.486422
0.67508 0.495975
0.676115 0.505543
0.67715 0.515125
0.678186 0.524722
0.679221 0.534333
0.680257 0.543958
0.681292 0.553597
0.682327 0.56325
0.683363 0.572917
0.684398 0.582598
0.685434 0.592291
0.686469 0.601999
0.687504 0.611719
0.68854 0.621453
0.689575 0.631199
0.690611 0.640959
0.691646 0.650731
0.692681 0.660515
0.693717 0.670312
0.694752 0.680122
0.695788 0.689943
0.696823 0.699777
0.697858 0.709622
0.698894 0.719479
0.699929 0.729348
0.700965 0.739228
0.702 0.74912
0.703035 0.759023
0.704071 0.768937
0.705106 0.778862
0.706142 0.788798
0.707177 0.798744
0.708212 0.808702
0.709248 0.818669
0.710283 0.828647
0.711319 0.838635
0.712354 0.848633
0.713389 0.858641
0.714425 0.868658
0.71546 0.878685
0.716496 0.888722
0.717531 0.898768
0.718566 0.908823
0.719602 0.918888
0.720637 0.928961
0.721673 0.939043
0.722708 0.949133
0.723743 0.959233
0.724779 0.96934
0.725814 0.979456
0.72685 0.98958
0.727885 0.999712
0.72892 1.00985
0.729956 1.02
0.730991 1.03015
0.732027 1.04032
0.733062 1.05049
0.734097 1.06066
0.735133 1.07085
0.736168 1.08104
0.737203 1.09123
0.738239 1.10144
0.739274 1.11165
0.74031 1.12186
0.741345 1.13209
0.74238 1.14232
0.743416 1.15255
0.744451 1.16279
0.745487 1.17304
0.746522 1.18329
0.747557 1.19354
0.748593 1.20381
0.749628 1.21407
0.750664 1.22434
0.751699 1.23462
0.752734 1.2449
0.75377 1.25519
0.754805 1.26548
0.755841 1.27577
0.756876 1.28607
0.757911 1.29637
0.758947 1.30668
0.759982 1.31699
0.761018 1.3273
0.762053 1.33762
0.763088 1.34794
0.764124 1.35826
0.765159 1.36858
0.766195 1.37891
0.76723 1.38924
0.768265 1.39958
0.769301 1.40991
0.770336 1.42025
0.771372 1.43059
0.772407 1.44093
0.773442 1.45128
0.774478 1.46162
0.775513 1.47197
0.776549 1.48232
0.777584 1.49267
0.778619 1.50302
0.779655 1.51337
0.78069 1.52372
0.781726 1.53407
0.782761 1.54443
0.783796 1.55478
0.784832 1.56513
0.785867 1.57549
0.786903 1.58584
0.787938 1.59619
0.788973 1.60655
0.790009 1.6169
0.791044 1.62725
0.79208 1.6376
0.793115 1.64795
0.79415 1.6583
0.795186 1.66865
0.796221 1.679
0.797257 1.68934
0.798292 1.69969
0.799327 1.71003
0.800363 1.72037
0.801398 1.73071
0.802434 1.74105
0.803469 1.75138
0.804504 1.76171
0.80554 1.77204
0.806575 1.78236
0.807611 1.79269
0.808646 1.80301
0.809681 1.81332
0.810717 1.82364
0.811752 1.83395
0.812788 1.84425
0.813823 1.85455
0.814858 1.86485
0.815894 1.87515
0.816929 1.88544
0.817965 1.89572
0.819 1.90601
0.820035 1.91628
0.821071 1.92655
0.822106 1.93682
0.823142 1.94708
0.824177 1.95734
0.825212 1.96759
0.826248 1.97784
0.827283 1.98808
0.828319 1.99832
0.829354 2.00854
0.830389 2.01877
0.831425 2.02899
0.83246 2.0392
0.833496 2.0494
0.834531 2.0596
0.835566 2.06979
0.836602 2.07997
0.837637 2.09015
0.838673 2.10032
0.839708 2.11048
0.840743 2.12064
0.841779 2.13079
0.842814 2.14093
0.84385 2.15106
0.844885 2.16119
0.84592 2.1713
0.846956 2.18141
0.847991 2.19151
0.849026 2.2016
0.850062 2.21168
0.851097 2.22176
0.852133 2.23182
0.853168 2.24188
0.854203 2.25193
0.855239 2.26196
0.856274 2.27199
0.85731 2.28201
0.858345 2.29202
0.85938 2.30202
0.860416 2.31201
0.861451 2.32199
0.862487 2.33195
0.863522 2.34191
0.864557 2.35186
0.865593 2.3618
0.866628 2.37172
0.867664 2.38164
0.868699 2.39154
0.869734 2.40144
0.87077 2.41132
0.871805 2.42119
0.872841 2.43104
0.873876 2.44089
0.874911 2.45073
0.875947 2.46055
0.876982 2.47036
0.878018 2.48016
0.879053 2.48994
0.880088 2.49972
0.881124 2.50948
0.882159 2.51922
0.883195 2.52896
0.88423 2.53868
0.885265 2.54839
0.886301 2.55808
0.887336 2.56777
0.888372 2.57743
0.889407 2.58709
0.890442 2.59673
0.891478 2.60636
0.892513 2.61597
0.893549 2.62557
0.894584 2.63515
0.895619 2.64472
0.896655 2.65427
0.89769 2.66381
0.898726 2.67334
0.899761 2.68285
0.900796 2.69234
0.901832 2.70182
0.902867 2.71129
0.903903 2.72073
0.904938 2.73017
0.905973 2.73958
0.907009 2.74899
0.908044 2.75837
0.90908 2.76774
0.910115 2.77709
0.91115 2.78643
0.912186 2.79575
0.913221 2.80505
0.914257 2.81434
0.915292 2.82361
0.916327 2.83286
0.917363 2.84209
0.918398 2.85131
0.919434 2.86051
0.920469 2.8697
0.921504 2.87886
0.92254 2.88801
0.923575 2.89714
0.924611 2.90625
0.925646 2.91534
0.926681 2.92442
0.927717 2.93348
0.928752 2.94251
0.929788 2.95153
0.930823 2.96053
0.931858 2.96952
0.932894 2.97848
0.933929 2.98742
0.934965 2.99635
0.936 3.00525
0.937035 3.01414
0.938071 3.02301
0.939106 3.03185
0.940142 3.04068
0.941177 3.04949
0.942212 3.05828
0.943248 3.06704
0.944283 3.07579
0.945319 3.08452
0.946354 3.09322
0.947389 3.10191
0.948425 3.11057
0.94946 3.11922
0.950496 3.12784
0.951531 3.13644
0.952566 3.14502
0.953602 3.15358
0.954637 3.16212
0.955673 3.17064
0.956708 3.17913
0.957743 3.18761
0.958779 3.19606
0.959814 3.20449
0.960849 3.21289
0.961885 3.22128
0.96292 3.22964
0.963956 3.23798
0.964991 3.2463
0.966026 3.2546
0.967062 3.26287
0.968097 3.27112
0.969133 3.27935
0.970168 3.28755
0.971203 3.29573
0.972239 3.30389
0.973274 3.31203
0.97431 3.32014
0.975345 3.32823
0.97638 3.33629
0.977416 3.34433
0.978451 3.35235
0.979487 3.36034
0.980522 3.36831
0.981557 3.37625
0.982593 3.38417
0.983628 3.39207
0.984664 3.39994
0.985699 3.40779
0.986734 3.41561
0.98777 3.42341
0.988805 3.43118
0.989841 3.43893
0.990876 3.44665
0.991911 3.45435
0.992947 3.46202
0.993982 3.46967
0.995018 3.47729
0.996053 3.48488
0.997088 3.49245
0.998124 3.5
0.999159 3.50752
1.00019 3.51501
1.00123 3.52248
1.00227 3.52992
1.0033 3.53733
1.00434 3.54472
1.00537 3.55209
1.00641 3.55942
1.00744 3.56673
1.00848 3.57401
1.00951 3.58127
1.01055 3.5885
1.01158 3.5957
1.01262 3.60288
1.01365 3.61002
1.01469 3.61715
1.01573 3.62424
1.01676 3.63131
1.0178 3.63835
1.01883 3.64536
1.01987 3.65234
1.0209 3.6593
1.02194 3.66623
1.02297 3.67313
1.02401 3.68
1.02504 3.68685
1.02608 3.69366
1.02711 3.70045
1.02815 3.70721
1.02919 3.71394
1.03022 3.72065
1.03126 3.72732
1.03229 3.73397
1.03333 3.74059
1.03436 3.74718
1.0354 3.75374
1.03643 3.76027
1.03747 3.76677
1.0385 3.77325
1.03954 3.77969
1.04058 3.78611
1.04161 3.79249
1.04265 3.79885
1.04368 3.80518
1.04472 3.81148
1.04575 3.81774
1.04679 3.82398
1.04782 3.83019
1.04886 3.83637
1.04989 3.84252
1.05093 3.84864
1.05196 3.85473
1.053 3.86079
1.05404 3.86682
1.05507 3.87282
1.05611 3.87879
1.05714 3.88473
1.05818 3.89064
1.05921 3.89652
1.06025 3.90236
1.06128 3.90818
1.06232 3.91397
1.06335 3.91972
1.06439 3.92545
1.06542 3.93114
1.06646 3.93681
1.0675 3.94244
1.06853 3.94804
1.06957 3.95361
1.0706 3.95915
1.07164 3.96466
1.07267 3.97013
1.07371 3.97558
1.07474 3.98099
1.07578 3.98638
1.07681 3.99173
1.07785 3.99705
1.07888 4.00234
1.07992 4.00759
1.08096 4.01282
1.08199 4.01801
1.08303 4.02317
1.08406 4.0283
1.0851 4.0334
1.08613 4.03846
1.08717 4.0435
1.0882 4.0485
1.08924 4.05347
1.09027 4.05841
1.09131 4.06331
1.09235 4.06818
1.09338 4.07302
1.09442 4.07783
1.09545 4.08261
1.09649 4.08735
1.09752 4.09206
1.09856 4.09674
1.09959 4.10139
1.10063 4.106
1.10166 4.11058
1.1027 4.11513
1.10373 4.11964
1.10477 4.12412
1.10581 4.12857
1.10684 4.13299
1.10788 4.13737
1.10891 4.14172
1.10995 4.14604
1.11098 4.15033
1.11202 4.15458
1.11305 4.1588
1.11409 4.16298
1.11512 4.16713
1.11616 4.17125
1.11719 4.17534
1.11823 4.17939
1.11927 4.18341
1.1203 4.18739
1.12134 4.19134
1.12237 4.19526
1.12341 4.19915
1.12444 4.203
1.12548 4.20682
1.12651 4.2106
1.12755 4.21435
1.12858 4.21807
1.12962 4.22175
1.13065 4.2254
1.13169 4.22902
1.13273 4.2326
1.13376 4.23615
1.1348 4.23967
1.13583 4.24315
1.13687 4.2466
1.1379 4.25001
1.13894 4.25339
1.13997 4.25674
1.14101 4.26005
1.14204 4.26333
1.14308 4.26657
1.14411 4.26978
1.14515 4.27296
1.14619 4.2761
1.14722 4.27921
1.14826 4.28228
1.14929 4.28532
1.15033 4.28833
1.15136 4.2913
1.1524 4.29424
1.15343 4.29714
1.15447 4.30001
1.1555 4.30285
1.15654 4.30565
1.15758 4.30842
1.15861 4.31115
1.15965 4.31385
1.16068 4.31651
1.16172 4.31914
1.16275 4.32174
1.16379 4.3243
1.16482 4.32683
1.16586 4.32932
1.16689 4.33178
1.16793 4.3342
1.16896 4.33659
1.17 4.33895
1.17104 4.34127
1.17207 4.34356
1.17311 4.34581
1.17414 4.34803
1.17518 4.35022
1.17621 4.35237
1.17725 4.35448
1.17828 4.35657
1.17932 4.35861
1.18035 4.36063
1.18139 4.36261
1.18242 4.36455
1.18346 4.36646
1.1845 4.36834
1.18553 4.37018
1.18657 4.37199
1.1876 4.37376
1.18864 4.3755
1.18967 4.3772
1.19071 4.37887
1.19174 4.38051
1.19278 4.38211
1.19381 4.38368
1.19485 4.38521
1.19588 4.38671
1.19692 4.38817
1.19796 4.3896
1.19899 4.391
1.20003 4.39236
1.20106 4.39369
1.2021 4.39499
1.20313 4.39625
1.20417 4.39747
1.2052 4.39866
1.20624 4.39982
1.20727 4.40094
1.20831 4.40203
1.20935 4.40309
1.21038 4.40411
1.21142 4.4051
1.21245 4.40605
1.21349 4.40697
1.21452 4.40785
1.21556 4.4087
1.21659 4.40952
1.21763 4.41031
1.21866 4.41105
1.2197 4.41177
1.22073 4.41245
1.22177 4.4131
1.22281 4.41371
1.22384 4.4143
1.22488 4.41484
1.22591 4.41536
1.22695 4.41583
1.22798 4.41628
1.22902 4.41669
1.23005 4.41707
1.23109 4.41742
1.23212 4.41773
1.23316 4.41801
1.23419 4.41825
1.23523 4.41846
1.23627 4.41864
1.2373 4.41878
1.23834 4.41889
1.23937 4.41897
1.24041 4.41901
1.24144 4.41903
1.24248 4.419
1.24351 4.41895
1.24455 4.41886
1.24558 4.41874
1.24662 4.41858
1.24765 4.4184
1.24869 4.41817
1.24973 4.41792
1.25076 4.41763
1.2518 4.41732
1.25283 4.41696
1.25387 4.41658
1.2549 4.41616
1.25594 4.41571
1.25697 4.41523
1.25801 4.41471
1.25904 4.41416
1.26008 4.41358
1.26111 4.41297
1.26215 4.41232
1.26319 4.41164
1.26422 4.41093
1.26526 4.41019
1.26629 4.40942
1.26733 4.40861
1.26836 4.40777
1.2694 4.4069
1.27043 4.40599
1.27147 4.40506
1.2725 4.40409
1.27354 4.40309
1.27458 4.40206
1.27561 4.401
1.27665 4.3999
1.27768 4.39878
1.27872 4.39762
1.27975 4.39643
1.28079 4.39521
1.28182 4.39396
1.28286 4.39267
1.28389 4.39136
1.28493 4.39001
1.28596 4.38863
1.287 4.38722
1.28804 4.38578
1.28907 4.38431
1.29011 4.38281
1.29114 4.38128
1.29218 4.37972
1.29321 4.37812
1.29425 4.3765
1.29528 4.37484
1.29632 4.37315
1.29735 4.37144
1.29839 4.36969
1.29942 4.36791
1.30046 4.3661
1.3015 4.36426
1.30253 4.36239
1.30357 4.3605
1.3046 4.35857
1.30564 4.35661
1.30667 4.35462
1.30771 4.3526
1.30874 4.35055
1.30978 4.34847
1.31081 4.34636
1.31185 4.34423
1.31288 4.34206
1.31392 4.33986
1.31496 4.33764
1.31599 4.33538
1.31703 4.3331
1.31806 4.33078
1.3191 4.32844
1.32013 4.32607
1.32117 4.32367
1.3222 4.32124
1.32324 4.31878
1.32427 4.3163
1.32531 4.31378
1.32635 4.31124
1.32738 4.30866
1.32842 4.30606
1.32945 4.30343
1.33049 4.30078
1.33152 4.29809
1.33256 4.29538
1.33359 4.29264
1.33463 4.28987
1.33566 4.28707
1.3367 4.28424
1.33773 4.28139
1.33877 4.27851
1.33981 4.2756
1.34084 4.27267
1.34188 4.26971
1.34291 4.26672
1.34395 4.2637
1.34498 4.26066
1.34602 4.25759
1.34705 4.25449
1.34809 4.25137
1.34912 4.24822
1.35016 4.24504
1.35119 4.24183
1.35223 4.2386
1.35327 4.23535
1.3543 4.23207
1.35534 4.22876
1.35637 4.22542
1.35741 4.22206
1.35844 4.21867
1.35948 4.21526
1.36051 4.21182
1.36155 4.20836
1.36258 4.20487
1.36362 4.20136
1.36465 4.19782
1.36569 4.19425
1.36673 4.19066
1.36776 4.18705
1.3688 4.18341
1.36983 4.17974
1.37087 4.17605
1.3719 4.17234
1.37294 4.1686
1.37397 4.16484
1.37501 4.16105
1.37604 4.15724
1.37708 4.1534
1.37811 4.14954
1.37915 4.14566
1.38019 4.14175
1.38122 4.13782
1.38226 4.13387
1.38329 4.12989
1.38433 4.12589
1.38536 4.12186
1.3864 4.11781
1.38743 4.11374
1.38847 4.10965
1.3895 4.10553
1.39054 4.10139
1.39158 4.09723
1.39261 4.09304
1.39365 4.08884
1.39468 4.08461
1.39572 4.08036
1.39675 4.07608
1.39779 4.07179
1.39882 4.06747
1.39986 4.06313
1.40089 4.05877
1.40193 4.05438
1.40296 4.04998
1.404 4.04556
1.40504 4.04111
1.40607 4.03664
1.40711 4.03215
1.40814 4.02764
1.40918 4.02311
1.41021 4.01856
1.41125 4.01399
1.41228 4.0094
1.41332 4.00478
1.41435 4.00015
1.41539 3.9955
1.41642 3.99082
1.41746 3.98613
1.4185 3.98142
1.41953 3.97669
1.42057 3.97194
1.4216 3.96716
1.42264 3.96237
1.42367 3.95757
1.42471 3.95274
1.42574 3.94789
1.42678 3.94302
1.42781 3.93814
1.42885 3.93323
1.42988 3.92831
1.43092 3.92337
1.43196 3.91841
1.43299 3.91344
1.43403 3.90844
1.43506 3.90343
1.4361 3.8984
1.43713 3.89335
1.43817 3.88829
1.4392 3.88321
1.44024 3.87811
1.44127 3.87299
1.44231 3.86786
1.44335 3.8627
1.44438 3.85754
1.44542 3.85235
1.44645 3.84715
1.44749 3.84194
1.44852 3.8367
1.44956 3.83145
1.45059 3.82619
1.45163 3.82091
1.45266 3.81561
1.4537 3.8103
1.45473 3.80497
1.45577 3.79963
1.45681 3.79427
1.45784 3.78889
1.45888 3.7835
1.45991 3.7781
1.46095 3.77268
1.46198 3.76725
1.46302 3.7618
1.46405 3.75634
1.46509 3.75087
1.46612 3.74538
1.46716 3.73987
1.46819 3.73435
1.46923 3.72882
1.47027 3.72328
1.4713 3.71772
1.47234 3.71215
1.47337 3.70656
1.47441 3.70097
1.47544 3.69535
1.47648 3.68973
1.47751 3.68409
1.47855 3.67845
1.47958 3.67279
1.48062 3.66711
1.48165 3.66143
1.48269 3.65573
1.48373 3.65002
1.48476 3.6443
1.4858 3.63857
1.48683 3.63282
1.48787 3.62707
1.4889 3.6213
1.48994 3.61552
1.49097 3.60974
1.49201 3.60394
1.49304 3.59813
1.49408 3.59231
1.49511 3.58648
1.49615 3.58063
1.49719 3.57478
1.49822 3.56892
1.49926 3.56305
1.50029 3.55717
1.50133 3.55128
1.50236 3.54538
1.5034 3.53947
1.50443 3.53356
1.50547 3.52763
1.5065 3.52169
1.50754 3.51575
1.50858 3.5098
1.50961 3.50384
1.51065 3.49787
1.51168 3.49189
1.51272 3.4859
1.51375 3.47991
1.51479 3.47391
1.51582 3.4679
1.51686 3.46188
1.51789 3.45586
1.51893 3.44983
1.51996 3.44379
1.521 3.43774
1.52204 3.43169
1.52307 3.42563
1.52411 3.41957
1.52514 3.41349
1.52618 3.40742
1.52721 3.40133
1.52825 3.39524
1.52928 3.38915
1.53032 3.38305
1.53135 3.37694
1.53239 3.37083
1.53342 3.36471
1.53446 3.35859
1.5355 3.35246
1.53653 3.34633
1.53757 3.34019
1.5386 3.33405
1.53964 3.3279
1.54067 3.32175
1.54171 3.3156
1.54274 3.30944
1.54378 3.30328
1.54481 3.29711
1.54585 3.29094
1.54688 3.28477
1.54792 3.27859
1.54896 3.27241
1.54999 3.26623
1.55103 3.26005
1.55206 3.25386
1.5531 3.24767
1.55413 3.24148
1.55517 3.23528
1.5562 3.22908
1.55724 3.22288
1.55827 3.21668
1.55931 3.21048
1.56035 3.20428
1.56138 3.19807
1.56242 3.19186
1.56345 3.18565
1.56449 3.17945
1.56552 3.17324
1.56656 3.16702
1.56759 3.16081
1.56863 3.1546
1.56966 3.14839
1.5707 3.14218
1.57173 3.13596
1.57277 3.12975
1.57381 3.12354
1.57484 3.11733
1.57588 3.11112
1.57691 3.10491
1.57795 3.0987
1.57898 3.09249
1.58002 3.08628
1.58105 3.08008
1.58209 3.07387
1.58312 3.06767
1.58416 3.06147
1.58519 3.05527
1.58623 3.04907
1.58727 3.04287
1.5883 3.03668
1.58934 3.03049
1.59037 3.0243
1.59141 3.01812
1.59244 3.01193
1.59348 3.00575
1.59451 2.99958
1.59555 2.9934
1.59658 2.98723
1.59762 2.98107
1.59865 2.9749
1.59969 2.96874
1.60073 2.96259
1.60176 2.95644
1.6028 2.95029
1.60383 2.94415
1.60487 2.93801
1.6059 2.93188
1.60694 2.92575
1.60797 2.91963
1.60901 2.91351
1.61004 2.90739
1.61108 2.90129
1.61211 2.89518
1.61315 2.88909
1.61419 2.883
1.61522 2.87691
1.61626 2.87083
1.61729 2.86476
1.61833 2.85869
1.61936 2.85263
1.6204 2.84658
1.62143 2.84053
1.62247 2.83449
1.6235 2.82846
1.62454 2.82244
1.62558 2.81642
1.62661 2.81041
1.62765 2.8044
1.62868 2.79841
1.62972 2.79242
1.63075 2.78644
1.63179 2.78047
1.63282 2.77451
1.63386 2.76855
1.63489 2.76261
1.63593 2.75667
1.63696 2.75074
1.638 2.74482
1.63904 2.73891
1.64007 2.73301
1.64111 2.72712
1.64214 2.72124
1.64318 2.71537
1.64421 2.7095
1.64525 2.70365
1.64628 2.69781
1.64732 2.69197
1.64835 2.68615
1.64939 2.68034
1.65042 2.67454
1.65146 2.66875
1.6525 2.66297
1.65353 2.6572
1.65457 2.65144
1.6556 2.6457
1.65664 2.63996
1.65767 2.63424
1.65871 2.62853
1.65974 2.62283
1.66078 2.61714
1.66181 2.61147
1.66285 2.6058
1.66388 2.60015
1.66492 2.59451
1.66596 2.58889
1.66699 2.58327
1.66803 2.57767
1.66906 2.57209
1.6701 2.56651
1.67113 2.56095
1.67217 2.5554
1.6732 2.54987
1.67424 2.54435
1.67527 2.53884
1.67631 2.53335
1.67735 2.52787
1.67838 2.52241
1.67942 2.51696
1.68045 2.51152
1.68149 2.5061
1.68252 2.50069
1.68356 2.4953
1.68459 2.48993
1.68563 2.48457
1.68666 2.47922
1.6877 2.47389
1.68873 2.46857
1.68977 2.46327
1.69081 2.45799
1.69184 2.45272
1.69288 2.44747
1.69391 2.44223
1.69495 2.43701
1.69598 2.43181
1.69702 2.42662
1.69805 2.42145
1.69909 2.4163
1.70012 2.41116
1.70116 2.40604
1.70219 2.40094
1.70323 2.39585
1.70427 2.39078
1.7053 2.38573
1.70634 2.3807
1.70737 2.37568
1.70841 2.37068
1.70944 2.36571
1.71048 2.36074
1.71151 2.3558
1.71255 2.35087
1.71358 2.34597
1.71462 2.34108
1.71565 2.33621
1.71669 2.33136
1.71773 2.32653
1.71876 2.32171
1.7198 2.31692
1.72083 2.31214
1.72187 2.30739
1.7229 2.30265
1.72394 2.29794
1.72497 2.29324
1.72601 2.28856
1.72704 2.28391
1.72808 2.27927
1.72911 2.27466
1.73015 2.27006
1.73119 2.26548
1.73222 2.26093
1.73326 2.25639
1.73429 2.25188
1.73533 2.24739
1.73636 2.24292
1.7374 2.23846
1.73843 2.23403
1.73947 2.22963
1.7405 2.22524
1.74154 2.22087
1.74258 2.21653
1.74361 2.21221
1.74465 2.20791
1.74568 2.20363
1.74672 2.19938
1.74775 2.19514
1.74879 2.19093
1.74982 2.18674
1.75086 2.18257
1.75189 2.17843
1.75293 2.17431
1.75396 2.17021
1.755 2.16614
1.75604 2.16208
1.75707 2.15805
1.75811 2.15405
1.75914 2.15007
1.76018 2.14611
1.76121 2.14217
1.76225 2.13826
1.76328 2.13437
1.76432 2.13051
1.76535 2.12667
1.76639 2.12285
1.76742 2.11906
1.76846 2.11529
1.7695 2.11155
1.77053 2.10783
1.77157 2.10414
1.7726 2.10047
1.77364 2.09682
1.77467 2.0932
1.77571 2.08961
1.77674 2.08604
1.77778 2.08249
1.77881 2.07897
1.77985 2.07548
1.78088 2.07201
1.78192 2.06857
1.78296 2.06515
1.78399 2.06176
1.78503 2.05839
1.78606 2.05505
1.7871 2.05174
1.78813 2.04845
1.78917 2.04519
1.7902 2.04196
1.79124 2.03875
1.79227 2.03556
1.79331 2.03241
1.79435 2.02928
1.79538 2.02618
1.79642 2.0231
1.79745 2.02005
1.79849 2.01703
1.79952 2.01404
1.80056 2.01107
1.80159 2.00813
1.80263 2.00522
1.80366 2.00233
1.8047 1.99947
1.80573 1.99664
1.80677 1.99384
1.80781 1.99107
1.80884 1.98832
1.80988 1.9856
1.81091 1.98291
1.81195 1.98025
1.81298 1.97761
1.81402 1.97501
1.81505 1.97243
1.81609 1.96988
1.81712 1.96736
1.81816 1.96487
1.81919 1.96241
1.82023 1.95997
1.82127 1.95756
1.8223 1.95519
1.82334 1.95284
1.82437 1.95052
1.82541 1.94823
1.82644 1.94597
1.82748 1.94374
1.82851 1.94154
1.82955 1.93936
1.83058 1.93722
1.83162 1.93511
1.83265 1.93302
1.83369 1.93097
1.83473 1.92894
1.83576 1.92695
1.8368 1.92498
1.83783 1.92305
1.83887 1.92115
1.8399 1.91927
1.84094 1.91743
1.84197 1.91561
1.84301 1.91383
1.84404 1.91208
1.84508 1.91035
1.84611 1.90866
1.84715 1.907
1.84819 1.90537
1.84922 1.90377
1.85026 1.9022
1.85129 1.90066
1.85233 1.89915
1.85336 1.89767
1.8544 1.89623
1.85543 1.89481
1.85647 1.89343
1.8575 1.89208
1.85854 1.89076
1.85958 1.88947
1.86061 1.88821
1.86165 1.88698
1.86268 1.88579
1.86372 1.88462
1.86475 1.88349
1.86579 1.88239
1.86682 1.88132
1.86786 1.88028
1.86889 1.87928
1.86993 1.87831
1.87096 1.87736
1.872 1.87645
1.87304 1.87558
1.87407 1.87473
1.87511 1.87392
1.87614 1.87314
1.87718 1.87239
1.87821 1.87167
1.87925 1.87099
1.88028 1.87034
1.88132 1.86972
1.88235 1.86913
1.88339 1.86857
1.88442 1.86805
1.88546 1.86756
1.8865 1.86711
1.88753 1.86668
1.88857 1.86629
1.8896 1.86593
1.89064 1.86561
1.89167 1.86532
1.89271 1.86506
1.89374 1.86483
1.89478 1.86463
1.89581 1.86447
1.89685 1.86435
1.89788 1.86425
1.89892 1.86419
1.89996 1.86416
1.90099 1.86417
1.90203 1.8642
1.90306 1.86428
1.9041 1.86438
1.90513 1.86452
1.90617 1.86469
1.9072 1.86489
1.90824 1.86513
1.90927 1.8654
1.91031 1.86571
1.91135 1.86605
1.91238 1.86642
1.91342 1.86683
1.91445 1.86726
1.91549 1.86774
1.91652 1.86824
1.91756 1.86878
1.91859 1.86936
1.91963 1.86997
1.92066 1.87061
1.9217 1.87128
1.92273 1.87199
1.92377 1.87274
1.92481 1.87351
1.92584 1.87432
1.92688 1.87517
1.92791 1.87605
1.92895 1.87696
1.92998 1.87791
1.93102 1.87889
1.93205 1.8799
1.93309 1.88095
1.93412 1.88203
1.93516 1.88315
1.93619 1.8843
1.93723 1.88549
1.93827 1.88671
1.9393 1.88796
1.94034 1.88925
1.94137 1.89057
1.94241 1.89193
1.94344 1.89332
1.94448 1.89474
1.94551 1.8962
1.94655 1.89769
1.94758 1.89922
1.94862 1.90078
1.94965 1.90237
1.95069 1.904
1.95173 1.90567
1.95276 1.90737
1.9538 1.9091
1.95483 1.91086
1.95587 1.91267
1.9569 1.9145
1.95794 1.91637
1.95897 1.91827
1.96001 1.92021
1.96104 1.92218
1.96208 1.92419
1.96311 1.92623
1.96415 1.92831
1.96519 1.93042
1.96622 1.93256
1.96726 1.93474
1.96829 1.93695
1.96933 1.9392
1.97036 1.94148
1.9714 1.9438
1.97243 1.94615
1.97347 1.94853
1.9745 1.95095
1.97554 1.9534
1.97658 1.95589
1.97761 1.95841
1.97865 1.96096
1.97968 1.96355
1.98072 1.96618
1.98175 1.96883
1.98279 1.97153
1.98382 1.97425
1.98486 1.97701
1.98589 1.97981
1.98693 1.98264
1.98796 1.9855
1.989 1.9884
1.99004 1.99133
1.99107 1.9943
1.99211 1.99729
1.99314 2.00033
1.99418 2.0034
1.99521 2.0065
1.99625 2.00963
1.99728 2.0128
1.99832 2.01601
1.99935 2.01925
2.00039 2.02252
2.00142 2.02582
2.00246 2.02916
2.0035 2.03254
2.00453 2.03594
2.00557 2.03938
2.0066 2.04286
2.00764 2.04637
2.00867 2.04991
2.00971 2.05349
2.01074 2.0571
2.01178 2.06074
2.01281 2.06442
2.01385 2.06813
2.01488 2.07188
2.01592 2.07565
2.01696 2.07947
2.01799 2.08331
2.01903 2.08719
2.02006 2.0911
2.0211 2.09505
2.02213 2.09903
2.02317 2.10304
2.0242 2.10709
2.02524 2.11116
2.02627 2.11528
2.02731 2.11942
2.02835 2.1236
2.02938 2.12781
2.03042 2.13206
2.03145 2.13634
2.03249 2.14065
2.03352 2.14499
2.03456 2.14937
2.03559 2.15378
2.03663 2.15822
2.03766 2.1627
2.0387 2.16721
2.03973 2.17175
2.04077 2.17632
2.04181 2.18093
2.04284 2.18557
2.04388 2.19024
2.04491 2.19495
2.04595 2.19968
2.04698 2.20445
2.04802 2.20925
2.04905 2.21409
2.05009 2.21896
2.05112 2.22385
2.05216 2.22879
2.05319 2.23375
2.05423 2.23874
2.05527 2.24377
2.0563 2.24883
2.05734 2.25392
2.05837 2.25905
2.05941 2.2642
2.06044 2.26939
2.06148 2.27461
2.06251 2.27986
2.06355 2.28514
2.06458 2.29045
2.06562 2.2958
2.06665 2.30118
2.06769 2.30658
2.06873 2.31202
2.06976 2.3175
