-4 -0.989358 -0.989358
-3.984 -0.993507 -0.955273
-3.968 -0.996638 -0.921197
-3.952 -0.998749 -0.887138
-3.936 -0.999838 -0.853105
-3.92 -0.999902 -0.819105
-3.904 -0.998943 -0.785149
-3.888 -0.996961 -0.751243
-3.872 -0.993958 -0.717397
-3.856 -0.989938 -0.68362
-3.84 -0.984903 -0.64992
-3.824 -0.978861 -0.616304
-3.808 -0.971816 -0.582783
-3.792 -0.963776 -0.549364
-3.776 -0.954749 -0.516057
-3.76 -0.944745 -0.482868
-3.744 -0.933773 -0.449808
-3.728 -0.921845 -0.416885
-3.712 -0.908973 -0.384106
-3.696 -0.895171 -0.351482
-3.68 -0.880452 -0.319019
-3.664 -0.864832 -0.286728
-3.648 -0.848326 -0.254615
-3.632 -0.830951 -0.222691
-3.616 -0.812725 -0.190963
-3.6 -0.793668 -0.15944
-3.584 -0.773798 -0.12813
-3.568 -0.753135 -0.0970421
-3.552 -0.731701 -0.0661849
-3.536 -0.709519 -0.0355668
-3.52 -0.686609 -0.00519634
-3.504 -0.662997 0.024918
-3.488 -0.638705 0.0547676
-3.472 -0.61376 0.084344
-3.456 -0.588187 0.113639
-3.44 -0.562011 0.142643
-3.424 -0.535259 0.171348
-3.408 -0.50796 0.199746
-3.392 -0.48014 0.227829
-3.376 -0.451829 0.255586
-3.36 -0.423055 0.283011
-3.344 -0.393848 0.310094
-3.328 -0.364238 0.336827
-3.312 -0.334255 0.363202
-3.296 -0.30393 0.389209
-3.28 -0.273293 0.41484
-3.264 -0.242377 0.440088
-3.248 -0.211212 0.464942
-3.232 -0.179831 0.489396
-3.216 -0.148266 0.513439
-3.2 -0.116549 0.537064
-3.184 -0.084713 0.560262
-3.168 -0.0527901 0.583025
-3.152 -0.0208132 0.605343
-3.136 0.0111851 0.627209
-3.12 0.0431719 0.648614
-3.104 0.0751145 0.66955
-3.088 0.10698 0.690007
-3.072 0.138736 0.709977
-3.056 0.17035 0.729453
-3.04 0.20179 0.748424
-3.024 0.233023 0.766883
-3.008 0.264018 0.784822
-2.992 0.294742 0.802231
-2.976 0.325164 0.819102
-2.96 0.355254 0.835426
-2.944 0.384979 0.851196
-2.928 0.414311 0.866402
-2.912 0.443218 0.881035
-2.896 0.471671 0.895089
-2.88 0.499642 0.908553
-2.864 0.527101 0.921419
-2.848 0.55402 0.933679
-2.832 0.580372 0.945325
-2.816 0.60613 0.956347
-2.8 0.631267 0.966737
-2.784 0.655757 0.976487
-2.768 0.679577 0.985588
-2.752 0.7027 0.994031
-2.736 0.725104 1.00181
-2.72 0.746765 1.00891
-2.704 0.767662 1.01533
-2.688 0.787773 1.02106
-2.672 0.807077 1.02609
-2.656 0.825555 1.03041
-2.64 0.843188 1.03401
-2.624 0.859957 1.03689
-2.608 0.875846 1.03903
-2.592 0.890838 1.04043
-2.576 0.904917 1.04107
-2.56 0.91807 1.04096
-2.544 0.930284 1.04008
-2.528 0.941544 1.03842
-2.512 0.951841 1.03598
-2.496 0.961163 1.03274
-2.48 0.969501 1.0287
-2.464 0.976846 1.02385
-2.448 0.983191 1.01818
-2.432 0.988529 1.01168
-2.416 0.992855 1.00435
-2.4 0.996165 0.996165
-2.384 0.998454 0.987134
-2.368 0.999721 0.977269
-2.352 0.999965 0.966587
-2.336 0.999184 0.955108
-2.32 0.997381 0.94285
-2.304 0.994556 0.929832
-2.288 0.990713 0.916073
-2.272 0.985856 0.901592
-2.256 0.979989 0.886408
-2.24 0.973119 0.870539
-2.224 0.965252 0.854004
-2.208 0.956397 0.836823
-2.192 0.946563 0.819013
-2.176 0.93576 0.800593
-2.16 0.923998 0.781583
-2.144 0.91129 0.762002
-2.128 0.89765 0.741867
-2.112 0.88309 0.721198
-2.096 0.867626 0.700014
-2.08 0.851273 0.678333
-2.064 0.834049 0.656175
-2.048 0.815971 0.633557
-2.032 0.797058 0.6105
-2.016 0.777328 0.587021
-2 0.756802 0.563139
-1.984 0.735502 0.538874
-1.968 0.713448 0.514244
-1.952 0.690664 0.489268
-1.936 0.667173 0.463964
-1.92 0.642999 0.438352
-1.904 0.618166 0.412451
-1.888 0.5927 0.386278
-1.872 0.566628 0.359853
-1.856 0.539975 0.333195
-1.84 0.512769 0.306323
-1.824 0.485039 0.279255
-1.808 0.456811 0.25201
-1.792 0.428116 0.224607
-1.776 0.398983 0.197064
-1.76 0.369441 0.169401
-1.744 0.339521 0.141637
-1.728 0.309253 0.11379
-1.712 0.278668 0.0858785
-1.696 0.247799 0.0579219
-1.68 0.216675 0.029939
-1.664 0.18533 0.00194842
-1.648 0.153795 -0.026031
-1.632 0.122102 -0.0539804
-1.616 0.0902842 -0.0818809
-1.6 0.0583741 -0.109714
-1.584 0.0264043 -0.137461
-1.568 -0.00559262 -0.165102
-1.552 -0.0375838 -0.192619
-1.536 -0.0695365 -0.219994
-1.52 -0.101418 -0.247207
-1.504 -0.133196 -0.274239
-1.488 -0.164837 -0.301072
-1.472 -0.196309 -0.327688
-1.456 -0.227581 -0.354066
-1.44 -0.258619 -0.380189
-1.424 -0.289393 -0.406037
-1.408 -0.31987 -0.431592
-1.392 -0.35002 -0.456835
-1.376 -0.379812 -0.481747
-1.36 -0.409214 -0.506309
-1.344 -0.438198 -0.530503
-1.328 -0.466733 -0.554309
-1.312 -0.49479 -0.57771
-1.296 -0.52234 -0.600685
-1.28 -0.549355 -0.623217
-1.264 -0.575808 -0.645286
-1.248 -0.601672 -0.666874
-1.232 -0.626919 -0.687962
-1.216 -0.651525 -0.708531
-1.2 -0.675463 -0.728563
-1.184 -0.69871 -0.748037
-1.168 -0.721241 -0.766937
-1.152 -0.743034 -0.785242
-1.136 -0.764066 -0.802934
-1.12 -0.784316 -0.819994
-1.104 -0.803763 -0.836404
-1.088 -0.822386 -0.852145
-1.072 -0.840168 -0.867197
-1.056 -0.857089 -0.881542
-1.04 -0.873133 -0.895162
-1.024 -0.888283 -0.908037
-1.008 -0.902523 -0.920149
-0.992 -0.915839 -0.931478
-0.976 -0.928217 -0.942006
-0.96 -0.939645 -0.951715
-0.944 -0.950111 -0.960585
-0.928 -0.959604 -0.968597
-0.912 -0.968115 -0.975734
-0.896 -0.975634 -0.981975
-0.88 -0.982154 -0.987302
-0.864 -0.987669 -0.991697
-0.848 -0.992172 -0.99514
-0.832 -0.99566 -0.997613
-0.816 -0.998128 -0.999097
-0.8 -0.999574 -0.999574
-0.784 -0.999996 -0.999029
-0.768 -0.999395 -0.997477
-0.752 -0.99777 -0.994936
-0.736 -0.995124 -0.991425
-0.72 -0.991458 -0.986962
-0.704 -0.986778 -0.981567
-0.688 -0.981087 -0.975258
-0.672 -0.974392 -0.968054
-0.656 -0.966699 -0.959974
-0.64 -0.958016 -0.951037
-0.624 -0.948352 -0.941261
-0.608 -0.937717 -0.930666
-0.592 -0.926122 -0.91927
-0.576 -0.913579 -0.907092
-0.56 -0.9001 -0.894151
-0.544 -0.8857 -0.880466
-0.528 -0.870393 -0.866055
-0.512 -0.854195 -0.850938
-0.496 -0.837122 -0.835133
-0.48 -0.819192 -0.818659
-0.464 -0.800423 -0.801534
-0.448 -0.780834 -0.783779
-0.432 -0.760446 -0.76541
-0.416 -0.73928 -0.746449
-0.4 -0.717356 -0.726912
-0.384 -0.694698 -0.706819
-0.368 -0.671329 -0.686189
-0.352 -0.647272 -0.665041
-0.336 -0.622552 -0.643393
-0.32 -0.597195 -0.621265
-0.304 -0.571227 -0.598674
-0.288 -0.544674 -0.575641
-0.272 -0.517563 -0.552183
-0.256 -0.489922 -0.52832
-0.24 -0.461779 -0.50407
-0.224 -0.433164 -0.479452
-0.208 -0.404105 -0.454486
-0.192 -0.374632 -0.429189
-0.176 -0.344776 -0.403581
-0.16 -0.314567 -0.377681
-0.144 -0.284035 -0.351506
-0.128 -0.253213 -0.325078
-0.112 -0.222131 -0.298413
-0.096 -0.190823 -0.271531
-0.08 -0.159318 -0.24445
-0.064 -0.127651 -0.21719
-0.048 -0.0958526 -0.18977
-0.032 -0.0639563 -0.162207
-0.016 -0.0319945 -0.134522
3.44169e-15 6.88338e-15 -0.106732
0.016 0.0319945 -0.0788571
0.032 0.0639563 -0.0509154
0.048 0.0958526 -0.0229261
0.064 0.127651 0.00509223
0.08 0.159318 0.0331206
0.096 0.190823 0.0611402
0.112 0.222131 0.0891323
0.128 0.253213 0.117078
0.144 0.284035 0.144958
0.16 0.314567 0.172755
0.176 0.344776 0.200448
0.192 0.374632 0.22802
0.208 0.404105 0.255451
0.224 0.433164 0.282723
0.24 0.461779 0.309817
0.256 0.489922 0.336714
0.272 0.517563 0.363395
0.288 0.544674 0.389841
0.304 0.571227 0.416034
0.32 0.597195 0.441955
0.336 0.622552 0.467584
0.352 0.647272 0.492903
0.368 0.671329 0.517894
0.384 0.694698 0.542537
0.4 0.717356 0.566814
0.416 0.73928 0.590705
0.432 0.760446 0.614192
0.448 0.780834 0.637257
0.464 0.800423 0.659879
0.48 0.819192 0.682041
0.496 0.837122 0.703724
0.512 0.854195 0.724909
0.528 0.870393 0.745576
0.544 0.8857 0.765708
0.56 0.9001 0.785285
0.576 0.913579 0.804288
0.592 0.926122 0.822699
0.608 0.937717 0.840499
0.624 0.948352 0.857669
0.64 0.958016 0.87419
0.656 0.966699 0.890043
0.672 0.974392 0.90521
0.688 0.981087 0.919672
0.704 0.986778 0.933409
0.72 0.991458 0.946404
0.736 0.995124 0.958637
0.752 0.99777 0.970089
0.768 0.999395 0.980742
0.784 0.999996 0.990576
0.8 0.999574 0.999574
0.816 0.998128 1.00772
0.832 0.99566 1.01502
0.848 0.992172 1.02148
0.864 0.987669 1.02711
0.88 0.982154 1.03192
0.896 0.975634 1.03591
0.912 0.968115 1.0391
0.928 0.959604 1.0415
0.944 0.950111 1.0431
0.96 0.939645 1.04393
0.976 0.928217 1.04399
0.992 0.915839 1.04329
1.008 0.902523 1.04183
1.024 0.888283 1.03963
1.04 0.873133 1.03669
1.056 0.857089 1.03302
1.072 0.840168 1.02864
1.088 0.822386 1.02354
1.104 0.803763 1.01775
1.12 0.784316 1.01126
1.136 0.764066 1.00408
1.152 0.743034 0.996233
1.168 0.721241 0.987715
1.184 0.69871 0.978538
1.2 0.675463 0.96871
1.216 0.651525 0.95824
1.232 0.626919 0.947137
1.248 0.601672 0.935409
1.264 0.575808 0.923065
1.28 0.549355 0.910113
1.296 0.52234 0.896562
1.312 0.49479 0.882421
1.328 0.466733 0.867697
1.344 0.438198 0.8524
1.36 0.409214 0.836538
1.376 0.379812 0.82012
1.392 0.35002 0.803154
1.408 0.31987 0.785649
1.424 0.289393 0.767613
1.44 0.258619 0.749055
1.456 0.227581 0.729983
1.472 0.196309 0.710407
1.488 0.164837 0.690334
1.504 0.133196 0.669773
1.52 0.101418 0.648733
1.536 0.0695365 0.627222
1.552 0.0375838 0.605249
1.568 0.00559262 0.582823
1.584 -0.0264043 0.559951
1.6 -0.0583741 0.536643
1.616 -0.0902842 0.512906
1.632 -0.122102 0.488751
1.648 -0.153795 0.464184
1.664 -0.18533 0.439216
1.68 -0.216675 0.413853
1.696 -0.247799 0.388106
1.712 -0.278668 0.361982
1.728 -0.309253 0.335489
1.744 -0.339521 0.308638
1.76 -0.369441 0.281435
1.776 -0.398983 0.25389
1.792 -0.428116 0.226011
1.808 -0.456811 0.197808
1.824 -0.485039 0.169287
1.84 -0.512769 0.140458
1.856 -0.539975 0.11133
1.872 -0.566628 0.0819103
1.888 -0.5927 0.0522085
1.904 -0.618166 0.0222328
1.92 -0.642999 -0.00800824
1.936 -0.667173 -0.038506
1.952 -0.690664 -0.0692521
1.968 -0.713448 -0.100238
1.984 -0.735502 -0.131454
2 -0.756802 -0.162894
2.016 -0.777328 -0.194547
2.032 -0.797058 -0.226406
2.048 -0.815971 -0.258461
2.064 -0.834049 -0.290705
2.08 -0.851273 -0.323129
2.096 -0.867626 -0.355723
2.112 -0.88309 -0.388481
2.128 -0.89765 -0.421392
2.144 -0.91129 -0.454449
2.16 -0.923998 -0.487643
2.176 -0.93576 -0.520965
2.192 -0.946563 -0.554407
2.208 -0.956397 -0.587961
2.224 -0.965252 -0.621617
2.24 -0.973119 -0.655367
2.256 -0.979989 -0.689203
2.272 -0.985856 -0.723116
2.288 -0.990713 -0.757097
2.304 -0.994556 -0.791138
2.32 -0.997381 -0.825231
2.336 -0.999184 -0.859366
2.352 -0.999965 -0.893536
2.368 -0.999721 -0.927731
2.384 -0.998454 -0.961944
2.4 -0.996165 -0.996165
2.416 -0.992855 -1.00281
2.432 -0.988529 -1.00945
2.448 -0.983191 -1.01609
2.464 -0.976846 -1.02273
2.48 -0.969501 -1.02937
2.496 -0.961163 -1.03601
2.512 -0.951841 -1.04265
2.528 -0.941544 -1.04929
2.544 -0.930284 -1.05593
2.56 -0.91807 -1.06258
2.576 -0.904917 -1.06922
2.592 -0.890838 -1.07586
2.608 -0.875846 -1.0825
2.624 -0.859957 -1.08914
2.64 -0.843188 -1.09578
2.656 -0.825555 -1.10242
2.672 -0.807077 -1.10906
2.688 -0.787773 -1.1157
2.704 -0.767662 -1.12235
2.72 -0.746765 -1.12899
2.736 -0.725104 -1.13563
2.752 -0.7027 -1.14227
2.768 -0.679577 -1.14891
2.784 -0.655757 -1.15555
2.8 -0.631267 -1.16219
2.816 -0.60613 -1.16883
2.832 -0.580372 -1.17547
2.848 -0.55402 -1.18212
2.864 -0.527101 -1.18876
2.88 -0.499642 -1.1954
2.896 -0.471671 -1.20204
2.912 -0.443218 -1.20868
2.928 -0.414311 -1.21532
2.944 -0.384979 -1.22196
2.96 -0.355254 -1.2286
2.976 -0.325164 -1.23524
2.992 -0.294742 -1.24189
3.008 -0.264018 -1.24853
3.024 -0.233023 -1.25517
3.04 -0.20179 -1.26181
3.056 -0.17035 -1.26845
3.072 -0.138736 -1.27509
3.088 -0.10698 -1.28173
3.104 -0.0751145 -1.28837
3.12 -0.0431719 -1.29501
3.136 -0.0111851 -1.30166
3.152 0.0208132 -1.3083
3.168 0.0527901 -1.31494
3.184 0.084713 -1.32158
3.2 0.116549 -1.32822
3.216 0.148266 -1.33486
3.232 0.179831 -1.3415
3.248 0.211212 -1.34814
3.264 0.242377 -1.35478
3.28 0.273293 -1.36142
3.296 0.30393 -1.36807
3.312 0.334255 -1.37471
3.328 0.364238 -1.38135
3.344 0.393848 -1.38799
3.36 0.423055 -1.39463
3.376 0.451829 -1.40127
3.392 0.48014 -1.40791
3.408 0.50796 -1.41455
3.424 0.535259 -1.42119
3.44 0.562011 -1.42784
3.456 0.588187 -1.43448
3.472 0.61376 -1.44112
3.488 0.638705 -1.44776
3.504 0.662997 -1.4544
3.52 0.686609 -1.46104
3.536 0.709519 -1.46768
3.552 0.731701 -1.47432
3.568 0.753135 -1.48096
3.584 0.773798 -1.48761
3.6 0.793668 -1.49425
3.616 0.812725 -1.50089
3.632 0.830951 -1.50753
3.648 0.848326 -1.51417
3.664 0.864832 -1.52081
3.68 0.880452 -1.52745
3.696 0.895171 -1.53409
3.712 0.908973 -1.54073
3.728 0.921845 -1.54738
3.744 0.933773 -1.55402
3.76 0.944745 -1.56066
3.776 0.954749 -1.5673
3.792 0.963776 -1.57394
3.808 0.971816 -1.58058
3.824 0.978861 -1.58722
3.84 0.984903 -1.59386
3.856 0.989938 -1.6005
3.872 0.993958 -1.60715
3.888 0.996961 -1.61379
3.904 0.998943 -1.62043
3.92 0.999902 -1.62707
3.936 0.999838 -1.63371
3.952 0.998749 -1.64035
3.968 0.996638 -1.64699
3.984 0.993507 -1.65363
