-6.28319 19.7392 19.7392 19.7392
-6.25805 19.5942 19.5942 19.5942
-6.23292 19.4751 19.4751 19.4751
-6.20779 19.3818 19.3818 19.3818
-6.18265 19.3141 19.3141 19.3141
-6.15752 19.2717 19.2717 19.2717
-6.13239 19.2545 19.2545 19.2545
-6.10726 19.262 19.2619 19.262
-6.08212 19.2938 19.2938 19.2938
-6.05699 19.3495 19.3495 19.3495
-6.03186 19.4286 19.4286 19.4286
-6.00673 19.5304 19.5304 19.5304
-5.98159 19.6544 19.6544 19.6544
-5.95646 19.7998 19.7998 19.7998
-5.93133 19.9659 19.9659 19.9659
-5.90619 20.1519 20.1519 20.1519
-5.88106 20.3569 20.3569 20.3569
-5.85593 20.5801 20.5801 20.5801
-5.8308 20.8205 20.8205 20.8205
-5.80566 21.0771 21.0771 21.0771
-5.78053 21.349 21.349 21.349
-5.7554 21.635 21.635 21.635
-5.73027 21.9341 21.9341 21.9341
-5.70513 22.2452 22.2452 22.2452
-5.68 22.5671 22.5671 22.5671
-5.65487 22.8986 22.8986 22.8986
-5.62973 23.2385 23.2385 23.2385
-5.6046 23.5857 23.5857 23.5857
-5.57947 23.9389 23.9389 23.9389
-5.55434 24.2968 24.2968 24.2968
-5.5292 24.6581 24.6581 24.6581
-5.50407 25.0217 25.0217 25.0217
-5.47894 25.3863 25.3863 25.3863
-5.4538 25.7505 25.7505 25.7505
-5.42867 26.1131 26.1131 26.1131
-5.40354 26.4729 26.4729 26.4729
-5.37841 26.8286 26.8286 26.8286
-5.35327 27.179 27.179 27.179
-5.32814 27.5227 27.5227 27.5227
-5.30301 27.8587 27.8587 27.8587
-5.27788 28.1858 28.1858 28.1858
-5.25274 28.5027 28.5027 28.5027
-5.22761 28.8083 28.8083 28.8083
-5.20248 29.1016 29.1016 29.1016
-5.17734 29.3815 29.3815 29.3815
-5.15221 29.6469 29.6469 29.6469
-5.12708 29.8968 29.8968 29.8968
-5.10195 30.1303 30.1303 30.1303
-5.07681 30.3464 30.3464 30.3464
-5.05168 30.5444 30.5444 30.5444
-5.02655 30.7233 30.7233 30.7233
-5.00142 30.8824 30.8824 30.8824
-4.97628 31.0209 31.0209 31.0209
-4.95115 31.1383 31.1383 31.1383
-4.92602 31.2339 31.2339 31.2339
-4.90088 31.3071 31.3071 31.3071
-4.87575 31.3575 31.3575 31.3575
-4.85062 31.3845 31.3845 31.3845
-4.82549 31.3879 31.3879 31.3879
-4.80035 31.3673 31.3673 31.3673
-4.77522 31.3225 31.3225 31.3225
-4.75009 31.2533 31.2533 31.2533
-4.72496 31.1594 31.1594 31.1594
-4.69982 31.041 31.041 31.041
-4.67469 30.898 30.898 30.898
-4.64956 30.7303 30.7303 30.7303
-4.62442 30.5383 30.5383 30.5383
-4.59929 30.322 30.322 30.322
-4.57416 30.0817 30.0817 30.0817
-4.54903 29.8178 29.8178 29.8178
-4.52389 29.5306 29.5306 29.5306
-4.49876 29.2205 29.2205 29.2205
-4.47363 28.888 28.888 28.888
-4.4485 28.5338 28.5338 28.5338
-4.42336 28.1583 28.1583 28.1583
-4.39823 27.7624 27.7624 27.7624
-4.3731 27.3466 27.3466 27.3466
-4.34796 26.9118 26.9118 26.9118
-4.32283 26.4588 26.4588 26.4588
-4.2977 25.9884 25.9884 25.9884
-4.27257 25.5017 25.5017 25.5017
-4.24743 24.9994 24.9994 24.9994
-4.2223 24.4827 24.4827 24.4827
-4.19717 23.9525 23.9525 23.9525
-4.17204 23.41 23.41 23.41
-4.1469 22.8562 22.8562 22.8562
-4.12177 22.2923 22.2923 22.2923
-4.09664 21.7194 21.7194 21.7194
-4.0715 21.1388 21.1388 21.1388
-4.04637 20.5516 20.5516 20.5516
-4.02124 19.959 19.959 19.959
-3.99611 19.3623 19.3623 19.3623
-3.97097 18.7628 18.7628 18.7628
-3.94584 18.1617 18.1617 18.1617
-3.92071 17.5603 17.5603 17.5603
-3.89557 16.9598 16.9598 16.9598
-3.87044 16.3616 16.3616 16.3616
-3.84531 15.7668 15.7668 15.7668
-3.82018 15.1768 15.1768 15.1768
-3.79504 14.5928 14.5928 14.5928
-3.76991 14.0159 14.0159 14.0159
-3.74478 13.4476 13.4476 13.4476
-3.71965 12.8888 12.8888 12.8888
-3.69451 12.3409 12.3409 12.3409
-3.66938 11.8049 11.8049 11.8049
-3.64425 11.282 11.282 11.282
-3.61911 10.7733 10.7733 10.7733
-3.59398 10.2798 10.2798 10.2798
-3.56885 9.80248 9.80248 9.80248
-3.54372 9.34243 9.34243 9.34243
-3.51858 8.90053 8.90053 8.90053
-3.49345 8.47767 8.47767 8.47767
-3.46832 8.07471 8.07471 8.07471
-3.44319 7.69244 7.69244 7.69244
-3.41805 7.3316 7.3316 7.3316
-3.39292 6.99289 6.99289 6.99289
-3.36779 6.67694 6.67694 6.67694
-3.34265 6.38435 6.38435 6.38435
-3.31752 6.11564 6.11564 6.11564
-3.29239 5.87127 5.87127 5.87127
-3.26726 5.65165 5.65165 5.65165
-3.24212 5.45713 5.45713 5.45713
-3.21699 5.288 5.288 5.288
-3.19186 5.14447 5.14447 5.14447
-3.16673 5.02671 5.02671 5.02671
-3.14159 4.9348 4.9348 4.9348
-3.11646 4.86879 4.86879 4.86879
-3.09133 4.82864 4.82864 4.82864
-3.06619 4.81426 4.81426 4.81426
-3.04106 4.82548 4.82548 4.82548
-3.01593 4.86208 4.86208 4.86208
-2.9908 4.92379 4.92379 4.92379
-2.96566 5.01024 5.01024 5.01024
-2.94053 5.12104 5.12104 5.12104
-2.9154 5.25572 5.25572 5.25572
-2.89027 5.41375 5.41375 5.41375
-2.86513 5.59455 5.59455 5.59455
-2.84 5.79747 5.79747 5.79747
-2.81487 6.02183 6.02183 6.02183
-2.78973 6.26688 6.26688 6.26688
-2.7646 6.53182 6.53182 6.53182
-2.73947 6.81581 6.81581 6.81581
-2.71434 7.11795 7.11795 7.11795
-2.6892 7.43731 7.43731 7.43731
-2.66407 7.77291 7.77291 7.77291
-2.63894 8.12373 8.12373 8.12373
-2.61381 8.48872 8.48872 8.48872
-2.58867 8.86678 8.86678 8.86678
-2.56354 9.2568 9.2568 9.2568
-2.53841 9.65764 9.65764 9.65764
-2.51327 10.0681 10.0681 10.0681
-2.48814 10.487 10.487 10.487
-2.46301 10.9131 10.9131 10.9131
-2.43788 11.3452 11.3452 11.3452
-2.41274 11.7821 11.7821 11.7821
-2.38761 12.2224 12.2224 12.2224
-2.36248 12.665 12.665 12.665
-2.33734 13.1085 13.1085 13.1085
-2.31221 13.5517 13.5517 13.5517
-2.28708 13.9933 13.9933 13.9933
-2.26195 14.432 14.432 14.432
-2.23681 14.8667 14.8667 14.8667
-2.21168 15.296 15.296 15.296
-2.18655 15.7187 15.7187 15.7187
-2.16142 16.1336 16.1336 16.1336
-2.13628 16.5396 16.5396 16.5396
-2.11115 16.9355 16.9355 16.9355
-2.08602 17.3201 17.3201 17.3201
-2.06088 17.6924 17.6924 17.6924
-2.03575 18.0512 18.0512 18.0512
-2.01062 18.3955 18.3955 18.3955
-1.98549 18.7244 18.7244 18.7244
-1.96035 19.0369 19.0369 19.0369
-1.93522 19.332 19.332 19.332
-1.91009 19.6088 19.6088 19.6088
-1.88496 19.8667 19.8667 19.8667
-1.85982 20.1048 20.1048 20.1048
-1.83469 20.3223 20.3223 20.3223
-1.80956 20.5186 20.5186 20.5186
-1.78442 20.6931 20.6931 20.6931
-1.75929 20.8453 20.8453 20.8453
-1.73416 20.9746 20.9746 20.9746
-1.70903 21.0807 21.0807 21.0807
-1.68389 21.163 21.163 21.163
-1.65876 21.2214 21.2214 21.2214
-1.63363 21.2555 21.2555 21.2555
-1.6085 21.2652 21.2652 21.2652
-1.58336 21.2504 21.2504 21.2504
-1.55823 21.2109 21.2109 21.2109
-1.5331 21.1468 21.1468 21.1468
-1.50796 21.0581 21.0581 21.0581
-1.48283 20.945 20.945 20.945
-1.4577 20.8077 20.8077 20.8077
-1.43257 20.6464 20.6464 20.6464
-1.40743 20.4614 20.4614 20.4614
-1.3823 20.2531 20.2531 20.2531
-1.35717 20.022 20.022 20.022
-1.33204 19.7685 19.7685 19.7685
-1.3069 19.4932 19.4932 19.4932
-1.28177 19.1967 19.1967 19.1967
-1.25664 18.8797 18.8797 18.8797
-1.2315 18.5429 18.5429 18.5429
-1.20637 18.1871 18.1871 18.1871
-1.18124 17.813 17.813 17.813
-1.15611 17.4216 17.4216 17.4216
-1.13097 17.0138 17.0138 17.0138
-1.10584 16.5905 16.5905 16.5905
-1.08071 16.1527 16.1527 16.1527
-1.05558 15.7015 15.7015 15.7015
-1.03044 15.2379 15.2379 15.2379
-1.00531 14.7631 14.7631 14.7631
-0.980177 14.2782 14.2782 14.2782
-0.955044 13.7843 13.7843 13.7843
-0.929911 13.2826 13.2826 13.2826
-0.904779 12.7743 12.7743 12.7743
-0.879646 12.2607 12.2607 12.2607
-0.854513 11.743 11.743 11.743
-0.82938 11.2224 11.2224 11.2224
-0.804248 10.7003 10.7003 10.7003
-0.779115 10.1778 10.1778 10.1778
-0.753982 9.65634 9.65634 9.65634
-0.728849 9.13705 9.13705 9.13705
-0.703717 8.62124 8.62124 8.62124
-0.678584 8.11017 8.11017 8.11017
-0.653451 7.60508 7.60508 7.60508
-0.628319 7.10722 7.10722 7.10722
-0.603186 6.6178 6.6178 6.6178
-0.578053 6.13801 6.13801 6.13801
-0.55292 5.66903 5.66903 5.66903
-0.527788 5.21201 5.21201 5.21201
-0.502655 4.76806 4.76806 4.76806
-0.477522 4.33829 4.33829 4.33829
-0.452389 3.92373 3.92373 3.92373
-0.427257 3.52542 3.52542 3.52542
-0.402124 3.14432 3.14432 3.14432
-0.376991 2.78137 2.78137 2.78137
-0.351858 2.43748 2.43748 2.43748
-0.326726 2.11347 2.11347 2.11347
-0.301593 1.81015 1.81015 1.81015
-0.27646 1.52827 1.52827 1.52827
-0.251327 1.26852 1.26852 1.26852
-0.226195 1.03153 1.03153 1.03153
-0.201062 0.817894 0.817894 0.817894
-0.175929 0.628137 0.628137 0.628137
-0.150796 0.462724 0.462724 0.462724
-0.125664 0.322064 0.322064 0.322064
-0.100531 0.206503 0.206503 0.206503
-0.0753982 0.116325 0.116325 0.116325
-0.0502655 0.0517531 0.0517531 0.0517531
-0.0251327 0.0129463 0.0129463 0.0129463
3.55896e-14 0 -1.30256e-11 2.72875e-26
0.0251327 0.0129463 0.0129463 0.0129463
0.0502655 0.0517531 0.0517531 0.0517531
0.0753982 0.116325 0.116325 0.116325
0.100531 0.206503 0.206503 0.206503
0.125664 0.322064 0.322064 0.322064
0.150796 0.462724 0.462724 0.462724
0.175929 0.628137 0.628137 0.628137
0.201062 0.817894 0.817894 0.817894
0.226195 1.03153 1.03153 1.03153
0.251327 1.26852 1.26852 1.26852
0.27646 1.52827 1.52827 1.52827
0.301593 1.81015 1.81015 1.81015
0.326726 2.11347 2.11347 2.11347
0.351858 2.43748 2.43748 2.43748
0.376991 2.78137 2.78137 2.78137
0.402124 3.14432 3.14432 3.14432
0.427257 3.52542 3.52542 3.52542
0.452389 3.92373 3.92373 3.92373
0.477522 4.33829 4.33829 4.33829
0.502655 4.76806 4.76806 4.76806
0.527788 5.21201 5.21201 5.21201
0.55292 5.66903 5.66903 5.66903
0.578053 6.13801 6.13801 6.13801
0.603186 6.6178 6.6178 6.6178
0.628319 7.10722 7.10722 7.10722
0.653451 7.60508 7.60508 7.60508
0.678584 8.11017 8.11017 8.11017
0.703717 8.62124 8.62124 8.62124
0.728849 9.13705 9.13705 9.13705
0.753982 9.65634 9.65634 9.65634
0.779115 10.1778 10.1778 10.1778
0.804248 10.7003 10.7003 10.7003
0.82938 11.2224 11.2224 11.2224
0.854513 11.743 11.743 11.743
0.879646 12.2607 12.2607 12.2607
0.904779 12.7743 12.7743 12.7743
0.929911 13.2826 13.2826 13.2826
0.955044 13.7843 13.7843 13.7843
0.980177 14.2782 14.2782 14.2782
1.00531 14.7631 14.7631 14.7631
1.03044 15.2379 15.2379 15.2379
1.05558 15.7015 15.7015 15.7015
1.08071 16.1527 16.1527 16.1527
1.10584 16.5905 16.5905 16.5905
1.13097 17.0138 17.0138 17.0138
1.15611 17.4216 17.4216 17.4216
1.18124 17.813 17.813 17.813
1.20637 18.1871 18.1871 18.1871
1.2315 18.5429 18.5429 18.5429
1.25664 18.8797 18.8797 18.8797
1.28177 19.1967 19.1967 19.1967
1.3069 19.4932 19.4932 19.4932
1.33204 19.7685 19.7685 19.7685
1.35717 20.022 20.022 20.022
1.3823 20.2531 20.2531 20.2531
1.40743 20.4614 20.4614 20.4614
1.43257 20.6464 20.6464 20.6464
1.4577 20.8077 20.8077 20.8077
1.48283 20.945 20.945 20.945
1.50796 21.0581 21.0581 21.0581
1.5331 21.1468 21.1468 21.1468
1.55823 21.2109 21.2109 21.2109
1.58336 21.2504 21.2504 21.2504
1.6085 21.2652 21.2652 21.2652
1.63363 21.2555 21.2555 21.2555
1.65876 21.2214 21.2214 21.2214
1.68389 21.163 21.163 21.163
1.70903 21.0807 21.0807 21.0807
1.73416 20.9746 20.9746 20.9746
1.75929 20.8453 20.8453 20.8453
1.78442 20.6931 20.6931 20.6931
1.80956 20.5186 20.5186 20.5186
1.83469 20.3223 20.3223 20.3223
1.85982 20.1048 20.1048 20.1048
1.88496 19.8667 19.8667 19.8667
1.91009 19.6088 19.6088 19.6088
1.93522 19.332 19.332 19.332
1.96035 19.0369 19.0369 19.0369
1.98549 18.7244 18.7244 18.7244
2.01062 18.3955 18.3955 18.3955
2.03575 18.0512 18.0512 18.0512
2.06088 17.6924 17.6924 17.6924
2.08602 17.3201 17.3201 17.3201
2.11115 16.9355 16.9355 16.9355
2.13628 16.5396 16.5396 16.5396
2.16142 16.1336 16.1336 16.1336
2.18655 15.7187 15.7187 15.7187
2.21168 15.296 15.296 15.296
2.23681 14.8667 14.8667 14.8667
2.26195 14.432 14.432 14.432
2.28708 13.9933 13.9933 13.9933
2.31221 13.5517 13.5517 13.5517
2.33734 13.1085 13.1085 13.1085
2.36248 12.665 12.665 12.665
2.38761 12.2224 12.2224 12.2224
2.41274 11.7821 11.7821 11.7821
2.43788 11.3452 11.3452 11.3452
2.46301 10.9131 10.9131 10.9131
2.48814 10.487 10.487 10.487
2.51327 10.0681 10.0681 10.0681
2.53841 9.65764 9.65764 9.65764
2.56354 9.2568 9.2568 9.2568
2.58867 8.86678 8.86678 8.86678
2.61381 8.48872 8.48872 8.48872
2.63894 8.12373 8.12373 8.12373
2.66407 7.77291 7.77291 7.77291
2.6892 7.43731 7.43731 7.43731
2.71434 7.11795 7.11795 7.11795
2.73947 6.81581 6.81581 6.81581
2.7646 6.53182 6.53182 6.53182
2.78973 6.26688 6.26688 6.26688
2.81487 6.02183 6.02183 6.02183
2.84 5.79747 5.79747 5.79747
2.86513 5.59455 5.59455 5.59455
2.89027 5.41375 5.41375 5.41375
2.9154 5.25572 5.25572 5.25572
2.94053 5.12104 5.12104 5.12104
2.96566 5.01024 5.01024 5.01024
2.9908 4.92379 4.92379 4.92379
3.01593 4.86208 4.86208 4.86208
3.04106 4.82548 4.82548 4.82548
3.06619 4.81426 4.81426 4.81426
3.09133 4.82864 4.82864 4.82864
3.11646 4.86879 4.86879 4.86879
3.14159 4.9348 4.9348 4.9348
3.16673 5.02671 5.02671 5.02671
3.19186 5.14447 5.14447 5.14447
3.21699 5.288 5.288 5.288
3.24212 5.45713 5.45713 5.45713
3.26726 5.65165 5.65165 5.65165
3.29239 5.87127 5.87127 5.87127
3.31752 6.11564 6.11564 6.11564
3.34265 6.38435 6.38435 6.38435
3.36779 6.67694 6.67694 6.67694
3.39292 6.99289 6.99289 6.99289
3.41805 7.3316 7.3316 7.3316
3.44319 7.69244 7.69244 7.69244
3.46832 8.07471 8.07471 8.07471
3.49345 8.47767 8.47767 8.47767
3.51858 8.90053 8.90053 8.90053
3.54372 9.34243 9.34243 9.34243
3.56885 9.80248 9.80248 9.80248
3.59398 10.2798 10.2798 10.2798
3.61911 10.7733 10.7733 10.7733
3.64425 11.282 11.282 11.282
3.66938 11.8049 11.8049 11.8049
3.69451 12.3409 12.3409 12.3409
3.71965 12.8888 12.8888 12.8888
3.74478 13.4476 13.4476 13.4476
3.76991 14.0159 14.0159 14.0159
3.79504 14.5928 14.5928 14.5928
3.82018 15.1768 15.1768 15.1768
3.84531 15.7668 15.7668 15.7668
3.87044 16.3616 16.3616 16.3616
3.89557 16.9598 16.9598 16.9598
3.92071 17.5603 17.5603 17.5603
3.94584 18.1617 18.1617 18.1617
3.97097 18.7628 18.7628 18.7628
3.99611 19.3623 19.3623 19.3623
4.02124 19.959 19.959 19.959
4.04637 20.5516 20.5516 20.5516
4.0715 21.1388 21.1388 21.1388
4.09664 21.7194 21.7194 21.7194
4.12177 22.2923 22.2923 22.2923
4.1469 22.8562 22.8562 22.8562
4.17204 23.41 23.41 23.41
4.19717 23.9525 23.9525 23.9525
4.2223 24.4827 24.4827 24.4827
4.24743 24.9994 24.9994 24.9994
4.27257 25.5017 25.5017 25.5017
4.2977 25.9884 25.9884 25.9884
4.32283 26.4588 26.4588 26.4588
4.34796 26.9118 26.9118 26.9118
4.3731 27.3466 27.3466 27.3466
4.39823 27.7624 27.7624 27.7624
4.42336 28.1583 28.1583 28.1583
4.4485 28.5338 28.5338 28.5338
4.47363 28.888 28.888 28.888
4.49876 29.2205 29.2205 29.2205
4.52389 29.5306 29.5306 29.5306
4.54903 29.8178 29.8178 29.8178
4.57416 30.0817 30.0817 30.0817
4.59929 30.322 30.322 30.322
4.62442 30.5383 30.5383 30.5383
4.64956 30.7303 30.7303 30.7303
4.67469 30.898 30.898 30.898
4.69982 31.041 31.041 31.041
4.72496 31.1594 31.1594 31.1594
4.75009 31.2533 31.2533 31.2533
4.77522 31.3225 31.3225 31.3225
4.80035 31.3673 31.3673 31.3673
4.82549 31.3879 31.3879 31.3879
4.85062 31.3845 31.3845 31.3845
4.87575 31.3575 31.3575 31.3575
4.90088 31.3071 31.3071 31.3071
4.92602 31.2339 31.2339 31.2339
4.95115 31.1383 31.1383 31.1383
4.97628 31.0209 31.0209 31.0209
5.00142 30.8824 30.8824 30.8824
5.02655 30.7233 30.7233 30.7233
5.05168 30.5444 30.5444 30.5444
5.07681 30.3464 30.3464 30.3464
5.10195 30.1303 30.1303 30.1303
5.12708 29.8968 29.8968 29.8968
5.15221 29.6469 29.6469 29.6469
5.17734 29.3815 29.3815 29.3815
5.20248 29.1016 29.1016 29.1016
5.22761 28.8083 28.8083 28.8083
5.25274 28.5027 28.5027 28.5027
5.27788 28.1858 28.1858 28.1858
5.30301 27.8587 27.8587 27.8587
5.32814 27.5227 27.5227 27.5227
5.35327 27.179 27.179 27.179
5.37841 26.8286 26.8286 26.8286
5.40354 26.4729 26.4729 26.4729
5.42867 26.1131 26.1131 26.1131
5.4538 25.7505 25.7505 25.7505
5.47894 25.3863 25.3863 25.3863
5.50407 25.0217 25.0217 25.0217
5.5292 24.6581 24.6581 24.6581
5.55434 24.2968 24.2968 24.2968
5.57947 23.9389 23.9389 23.9389
5.6046 23.5857 23.5857 23.5857
5.62973 23.2385 23.2385 23.2385
5.65487 22.8986 22.8986 22.8986
5.68 22.5671 22.5671 22.5671
5.70513 22.2452 22.2452 22.2452
5.73027 21.9341 21.9341 21.9341
5.7554 21.635 21.635 21.635
5.78053 21.349 21.349 21.349
5.80566 21.0771 21.0771 21.0771
5.8308 20.8205 20.8205 20.8205
5.85593 20.5801 20.5801 20.5801
5.88106 20.3569 20.3569 20.3569
5.90619 20.1519 20.1519 20.1519
5.93133 19.9659 19.9659 19.9659
5.95646 19.7998 19.7998 19.7998
5.98159 19.6544 19.6544 19.6544
6.00673 19.5304 19.5304 19.5304
6.03186 19.4286 19.4286 19.4286
6.05699 19.3495 19.3495 19.3495
6.08212 19.2938 19.2938 19.2938
6.10726 19.262 19.262 19.262
6.13239 19.2545 19.2545 19.2545
6.15752 19.2717 19.2717 19.2717
6.18265 19.3141 19.3141 19.3141
6.20779 19.3818 19.3818 19.3818
6.23292 19.4751 19.4751 19.4751
6.25805 19.5942 19.5942 19.5942
ERROR MAX: error Newton: 3.23402e-07
error Lagrange: 4.26326e-14

ERROR LSQ: error Newton: 1.87533e-08
error Lagrange: 5.5611e-15

